-1.4979069,4.402794,8.812766
-1.4979069,4.402794,8.975478
-1.68694,4.342973,8.786445
-1.68694,4.342973,8.968299
-1.7587247,4.3501515,8.729017
-1.7347964,4.278367,8.707481
-1.6821543,4.3357944,8.647661
-1.6199409,4.3405805,8.537591
-1.605584,4.304688,8.618947
-1.4596218,4.1587257,8.666803
-1.375873,3.940979,8.573483
-1.457229,3.9984066,8.62134
-1.457229,3.9984066,8.781659
-1.4835501,4.0151563,8.678768
-1.3926228,4.0558343,8.76491
-1.416551,4.208975,8.618947
-1.4715859,4.3405805,8.705089
-1.4715859,4.3405805,8.863015
-1.4668003,4.4171505,8.690732
-1.5481563,4.479364,8.642876
-1.5864414,4.23051,8.709874
-1.5864414,4.23051,8.882157
-1.5960127,4.156333,8.690732
-1.6199409,4.1587257,8.640483
-1.4859428,4.089334,8.580662
-1.442872,4.0941195,8.597412
-1.442872,4.0941195,8.721839
-1.4644074,4.2161536,8.616554
-1.4333007,4.2592244,8.662018
-1.4380864,4.2664027,8.762517
-1.5122639,4.2161536,8.91805
-1.6079768,4.1228333,8.989835
-1.6247265,4.1467614,9.025727
-1.538585,4.101298,8.980264
-1.5002998,4.173083,8.91805
-1.4524434,4.2664027,8.877372
-1.4500505,4.395615,8.886943
-1.4356936,4.4482574,8.9348
-1.402194,4.278367,8.855837
-1.442872,4.223332,8.88455
-1.5146568,4.328616,8.9013
-1.6079768,4.2520456,8.874979
-1.6079768,4.2520456,9.056833
-1.605584,4.316652,8.819944
-1.6390835,4.290331,8.865408
-1.6390835,4.290331,9.064013
-1.7036897,4.362116,8.848659
-1.6007984,4.2041893,8.7577305
-1.5529419,4.2687955,8.575876
-1.5122639,4.3836513,8.755338
-1.5122639,4.3836513,8.925228
-1.4333007,4.395615,8.736196
-1.4333007,4.395615,8.903693
-1.4811572,4.465007,8.831908
-1.6127625,4.5918264,8.908479
-1.579263,4.4602213,8.927621
-1.579263,4.4602213,9.099904
-1.4548361,4.1084766,8.700303
-1.4691931,3.9098723,8.705089
-1.5409778,3.993621,8.702696
-1.6007984,4.0677986,8.695518
-1.5625132,4.1180477,8.721839
-1.5337993,4.173083,8.803194
-1.5098711,4.2831526,8.877372
-1.3399807,4.287938,8.85823
-1.3399807,4.287938,8.997013
-1.3710874,4.1898327,8.831908
-1.4739788,4.098905,8.85823
-1.5840486,3.9194436,8.793623
-1.6223338,3.8356948,8.774481
-1.6893328,3.991228,8.755338
-1.7994026,4.1778684,8.673982
-1.7922242,4.3764725,8.666803
-1.6534405,4.426722,8.652447
-1.6247265,4.180261,8.630911
-1.6247265,4.180261,8.805588
-1.8089739,4.139583,8.633304
-1.8640088,4.074977,8.595019
-1.9118652,4.0869412,8.504091
-1.9094725,4.240082,8.566305
-1.9884356,4.2687955,8.480164
-1.9262222,4.3262234,8.350951
-1.8544376,4.4051867,8.477771
-1.8017955,4.486542,8.403593
-1.7156538,4.5798626,8.453842
-1.6701902,4.486542,8.432307
-1.7395821,4.211368,8.477771
-1.7300107,3.8763726,8.30788
-1.8089739,3.8644085,8.394022
-1.8089739,3.8644085,8.595019
-1.8855443,4.0414777,8.549556
-1.8783658,4.206582,8.681161
-1.7922242,4.3836513,8.647661
-1.7467605,4.5726843,8.63809
-1.6462619,4.6779685,8.592627
-1.5481563,4.4315076,8.525627
-1.4213367,4.575077,8.532805
-1.119841,4.802395,8.370093
-0.8805587,4.74736,8.391629
-0.7585248,4.5559344,8.300702
-0.49052864,4.2831526,8.480164
-0.4833502,4.65404,8.441878
-0.31585258,3.8093736,8.7673025
-0.11964113,4.388437,8.606983
-0.11964113,4.388437,8.583055
0.5838487,7.1473613,7.9034934
0.59581286,5.168497,8.353344
0.8470592,5.936593,7.9154572
1.134198,5.6709895,8.018349
0.96909314,4.8382874,8.193025
0.96909314,4.8382874,8.066205
0.29910284,4.2664027,8.693125
0.07178468,3.1202407,9.267402
-0.14117654,3.048456,9.372686
0.09092726,3.1920254,9.372686
0.65324056,3.9218364,9.116654
1.2993027,4.089334,8.805588
1.2993027,4.089334,8.6141615
1.6462619,3.6634114,8.690732
0.63888365,2.0386848,8.736196
-1.2179468,0.50009996,9.042477
-1.2179468,0.50009996,9.195618
-2.8307092,-0.23449662,9.466006
-3.737589,-1.0504491,9.74836
-4.6372905,-1.5122639,9.705289
-5.328816,-1.5050855,9.805787
-5.7858453,-1.2155539,9.879965
-5.623133,-1.4261223,9.686146
-5.194818,-1.134198,9.623933
-5.111069,-0.7106683,8.927621
-5.111069,-0.7106683,9.54497
-6.24766,-0.4426722,8.331808
-6.24766,-0.4426722,9.107083
-7.776674,-0.26799613,7.786245
-8.535198,-0.0741775,7.537391
-8.618947,-0.014356935,7.5326056
-8.752945,0.069391854,7.520642
-8.453842,-0.2847459,7.5637126
-8.123632,-0.18664017,7.4273214
-7.6163545,-0.1794617,7.257431
-7.6163545,-0.1794617,8.178668
-7.393822,-0.25842485,7.190432
-7.4440713,-0.38285163,6.8913293
-7.4823565,-0.36131623,6.6927247
-7.503892,-0.27517462,6.6927247
-7.503892,-0.27517462,7.60439
-7.5469627,0.148355,6.541977
-7.176075,0.25124636,6.6424756
-7.058827,0.59581286,6.8458657
-7.058827,0.59581286,7.7001033
-7.003792,0.7178468,7.109076
-6.8985076,0.6891329,7.4153576
-6.788438,0.7609176,7.8173513
-6.788438,0.7609176,8.633304
-6.680761,0.89013004,7.7623167
-6.539584,1.134198,7.6594253
-6.458228,1.0025927,7.5613194
-6.3744793,0.96909314,7.456035
-6.343373,1.0193424,7.470392
-6.3290157,1.0767702,7.281359
-6.2931237,1.375873,7.4177504
-6.2931237,1.375873,8.166703
-6.02752,1.6630118,7.6139617
-5.84088,2.1750758,7.776674
-5.692525,2.7565317,8.118847
-5.3647084,3.2087753,8.403593
-5.3647084,3.2087753,9.049655
-4.9866424,3.3164523,8.595019
-4.9866424,3.3164523,9.195618
-4.749753,3.3690944,8.762517
-4.4458647,2.9431717,8.635697
-4.261617,2.8833513,8.475378
-4.261617,2.8833513,8.99462
-4.1180477,2.8139594,8.420342
-3.8787656,2.7493532,8.066205
-3.6346977,2.8474588,7.989635
-3.4695928,3.3930225,7.9704924
-3.5844483,3.4911282,8.133204
-3.615555,3.6777685,8.202596
-3.615555,3.6777685,8.626125
-3.6466618,3.7304106,8.346166
-3.591627,3.9816568,8.362915
-3.5198421,3.603591,8.17149
-3.2853456,3.5365918,8.13799
-3.2327034,3.7830527,8.240881
-3.0388846,4.139583,7.9657063
-2.754139,4.139583,7.9968133
-2.5914268,4.304688,8.073383
-2.3976083,4.955536,8.094919
-2.3976083,4.955536,8.360522
-2.2468605,4.996214,8.252846
-2.1750758,4.8454657,8.508878
-1.9884356,4.802395,8.640483
-1.727618,4.4985065,8.733803
-1.4668003,3.8069808,8.724232
-1.4548361,2.5531418,8.76491
-1.4763715,1.2442678,8.882157
-1.7467605,0.1268196,8.9826565
-2.0267208,-1.6606189,8.920443
-2.0793629,-3.5437703,8.695518
-2.2301106,-5.383851,7.8987074
-2.644069,-6.9224358,6.8721867
-2.644069,-6.9224358,7.1784678
-3.3140593,-8.008778,5.9437714
-4.223332,-8.685946,4.9268217
-5.2809596,-9.410972,3.9170506
-6.503692,-9.645468,3.0317063
-7.3363943,-9.865608,1.9740787
-7.9680996,-10.126426,1.0576276
-8.3581295,-10.191031,0.3182454
-8.3581295,-10.191031,1.3304094
-8.997013,-9.32483,-0.05503492
-8.997013,-9.32483,1.0313065
-9.891929,-8.262417,-0.44745782
-11.01177,-7.4679995,-0.8279166
-11.777473,-6.5347986,-0.9762716
-12.263216,-5.9150577,-0.9906286
-12.263216,-5.9150577,0.5192425
-12.301501,-5.300102,-1.038485
-12.107682,-4.666004,-1.0863415
-11.904293,-4.0773697,-1.1676974
-11.4496565,-3.3786657,-1.3399807
-11.01177,-2.6368906,-1.3519448
-10.652846,-2.1248264,-1.3830515
-10.652846,-2.1248264,-0.06699903
-10.262816,-1.9573289,-1.4907285
-9.946963,-2.0267208,-1.2969099
-9.686146,-1.8329022,-1.1557333
-9.265009,-1.1270195,-0.7585248
-8.530413,0.39960137,-0.37567315
-8.46102,0.86859465,-0.17228323
-8.346166,1.0959128,0.45702913
-8.563912,1.3854443,1.1006985
-9.037691,1.8137596,1.8975084
-9.037691,1.8137596,2.993421
-8.977871,2.400001,2.2301106
-8.977871,2.400001,3.3284163
-9.01137,3.17049,2.3808584
-9.119047,3.871587,2.4358935
-9.284152,4.634897,2.3186452
-9.202796,5.2019963,2.3234308
-8.999406,5.65424,2.5698915
-8.999406,5.65424,3.641876
-8.796016,5.986842,2.7613173
-8.769695,5.85763,2.8666015
-8.853444,5.218746,2.8689942
-9.083155,4.4817567,2.7062824
-9.142975,3.455236,3.0604203
-9.157332,2.7062824,3.1728828
-9.365508,2.0721843,3.2015967
-9.619147,1.7419748,2.7613173
-9.707682,1.6319051,2.4502504
-9.815358,0.7609176,1.2729816
-9.961321,0.124426775,0.7848458
-10.023534,-0.6939186,0.7680961
-10.226924,-0.9954142,0.44745782
-9.664611,-0.57906306,0.050249275
-8.970692,-1.0504491,-0.27756742
-8.568698,-2.510071,-0.15553348
-8.276773,-3.9673,0.4354937
-7.879565,-3.495914,1.1150553
-7.3579297,-2.2061825,1.3112668
-7.3196445,-1.6701902,1.4261223
-7.798209,-1.727618,1.6414764
-8.4347,-1.9142581,1.7850457
-9.267402,-2.120041,1.8544376
-9.750752,-2.4095724,2.4071796
-10.427921,-2.132005,2.6656044
-11.392229,-1.7012969,2.1918256
-12.1148615,-1.6175481,2.1008983
-12.378072,-1.550549,2.292324
-12.626925,-1.3806586,2.6751757
-12.203396,-1.1030912,2.8115666
-11.578869,-1.0815558,2.7637103
-10.734202,-1.1916257,2.5746772
-10.303494,-1.4189439,2.0219352
-9.619147,-0.7322037,1.4979069
-8.721839,-0.44985065,0.8877372
-7.8053875,-0.55513483,0.8350951
-7.6426754,-0.5479564,1.0887343
-7.3627152,-1.0911272,1.5050855
-7.018149,-2.5220351,2.2588246
-6.8099732,-3.9673,3.022135
-7.568498,-4.3405805,3.3116665
-8.099705,-4.895715,3.7830527
-8.573483,-5.099105,4.4075794
-9.186047,-4.7808595,4.54397
-9.839287,-4.4315076,4.9340005
-9.657433,-3.8668015,4.881358
-9.047262,-3.2566316,4.8861437
-8.56152,-2.5004997,4.8382874
-8.537591,-2.5268207,4.8239303
-8.812766,-2.4071796,4.173083
-9.075976,-2.3952155,3.2231321
-9.140582,-2.5938199,2.7086751
-9.18126,-2.4143581,2.4071796
-8.989835,-2.2851455,2.5196424
-8.9108715,-1.6941184,2.8115666
-8.927621,-1.5601203,2.87378
-8.939586,-1.8041883,2.7613173
-8.965906,-2.0410776,2.2612174
-9.243474,-1.7898313,2.1559331
-8.906086,-1.8161523,2.4071796
-8.7266245,-1.6510476,2.4478576
-8.898908,-1.2394822,2.28036
-8.750552,-0.634098,1.7012969
-8.958728,-0.75613195,1.4668003
-9.547362,-1.0983056,1.079163
-9.97807,-1.4380864,1.0839486
-10.34178,-1.7491534,1.1581261
-10.930414,-1.5409778,1.0049855
-12.078969,-1.6366907,0.7298109
-12.380465,-1.8927227,0.62931234
-12.095718,-1.3375878,1.2610176
-11.73201,-0.9619147,1.5888343
-11.12184,-0.81595254,2.184647
-10.305887,-0.50009996,2.8019953
-9.485149,-0.9068798,2.7565317
-8.973084,-1.1629118,2.4358935
-8.898908,-1.3447664,1.5696917
-9.075976,-1.6845472,0.9236295
-9.255438,-1.6247265,0.33260235
-9.717253,-1.4883357,-0.6364908
-9.846465,-2.1008983,-1.012164
-10.073783,-1.8640088,-0.82313097
-9.990034,-1.2227324,-0.34456646
-9.934999,-0.7704889,0.02871387
-10.01157,-0.6580262,0.42831525
-10.588241,-0.6891329,1.4356936
-10.382458,-0.35413775,2.8019953
-9.820144,-0.11246266,3.534199
-9.865608,-0.04546363,3.5030923
-10.13839,-0.19621146,2.885744
-10.413564,-1.0624132,2.4143581
-10.396814,-1.6127625,2.1535404
-10.10489,-2.1894326,1.7300107
-9.111869,-3.048456,2.1918256
-8.367701,-3.603591,2.885744
-7.826923,-3.6370904,3.4576287
-8.166703,-3.4719856,3.6251264
-9.004191,-3.1369905,3.6610186
-9.183653,-3.050849,4.074977
-8.874979,-2.9216363,4.4339004
-7.9944205,-2.306681,4.438686
-7.259824,-2.3114667,3.9074793
-7.6163545,-2.4095724,3.6634114
-7.850851,-3.0364919,3.414558
-7.769495,-3.5174494,3.0436704
-8.030313,-3.4169507,2.7230322
-8.516056,-2.7302105,2.3976083
-8.740981,-2.1415763,2.78046
-8.760123,-1.4691931,3.7974095
-8.437093,-1.5098711,3.938586
-8.709874,-0.96430755,3.5102708
-8.556734,-0.3493521,2.87378
-8.19781,-0.13878371,2.6679974
-8.99462,-0.65084773,2.696711
-10.042677,-1.0552348,1.9788643
-11.353944,-1.3615161,0.6963114
-11.363515,-1.7611175,-0.4235296
-10.877771,-1.9573289,-0.3684947
-10.849058,-2.0745773,-0.37567315
-10.765309,-1.6342978,-0.02871387
-10.535598,-1.5146568,0.8877372
-10.236495,-1.6893328,1.253839
-10.023534,-1.2466606,1.1006985
-10.112068,-0.2416751,0.7585248
-10.042677,0.26081768,0.65324056
-9.879965,-0.02632105,0.81595254
-9.559326,-0.56470615,0.80159557
-9.138189,-1.0552348,0.46899325
-9.276974,-1.5361922,0.023928227
-9.875179,-1.7802601,-0.2847459
-10.504492,-1.4787644,-0.26799613
-10.34178,-1.2155539,0.20338993
-10.71506,-0.8207382,1.0097711
-11.241481,-0.45942193,1.4835501
-10.939985,-0.14596218,2.0889342
-10.772488,-0.009571291,2.7613173
-10.789237,-0.4139583,3.1250265
-10.755738,-1.026521,3.158526
-10.79163,-2.0961127,2.9599216
-10.1599245,-2.8091738,2.4789643
-9.367901,-2.9455647,1.8687944
-9.044869,-2.309074,1.6079768
-8.721839,-2.0338993,1.3734802
-8.49452,-1.8041883,1.5122639
-7.925029,-1.9788643,1.8400806
-7.8173513,-2.359323,2.1798615
-8.281559,-2.969493,2.5316064
-8.62134,-3.2279177,2.6392834
-8.8701935,-3.4648073,2.6392834
-8.721839,-3.5700915,2.629712
-8.695518,-3.4983068,2.9575288
-8.776874,-2.9910283,3.0652058
-8.848659,-2.766103,2.7206392
-9.367901,-2.8378878,2.2325034
-10.217353,-2.8570302,2.0147567
-10.179068,-3.2303107,2.050649
-9.865608,-2.8881369,2.440679
-9.755538,-2.2492533,2.7086751
-10.057034,-1.9166509,2.5794628
-9.865608,-2.251646,2.306681
-9.772287,-2.510071,2.3282163
-9.458828,-2.981457,2.5411777
-8.906086,-2.9336007,2.5627131
-8.609376,-2.7110682,2.5172493
-8.499306,-2.3425734,2.5842485
-8.315059,-2.5435705,2.6943183
-8.367701,-2.8833513,2.8259234
-8.532805,-2.9359934,2.5698915
-8.841479,-2.78046,2.3114667
-9.253045,-2.8642087,2.0410776
-9.5353985,-3.196811,2.2061825
-9.556933,-3.3116665,2.3688943
-9.561719,-3.3212378,2.349752
-9.765109,-2.9910283,2.0841484
-10.080962,-2.926422,1.9788643
-9.91825,-2.8761728,2.1367905
-9.446864,-2.955136,2.4933212
-9.487542,-3.1465619,2.8570302
-9.80818,-3.2709885,3.0125637
-9.743574,-3.1058838,2.8713872
-9.427721,-2.455036,2.952743
-8.9826565,-1.9716859,2.8689942
-8.819944,-1.6510476,2.6943183
-8.839087,-1.7443677,2.4430718
-8.702696,-1.8185452,1.9405792
-8.853444,-1.6941184,1.5481563
-8.678768,-1.7515461,1.7347964
-8.456235,-1.6103697,2.239682
-8.346166,-1.1916257,2.2851455
-8.489735,-0.4977071,1.8496519
-8.657232,-0.06460621,1.7659031
-8.652447,-0.22253251,1.6007984
-9.075976,-0.25603202,1.2251252
-9.284152,-0.0526421,0.9954142
-9.327223,-0.011964113,0.92602235
-9.52822,0.12921242,0.62452674
-10.188639,0.13878371,0.07178468
-10.497313,-0.27996024,-0.34217364
-10.789237,-0.37088752,-0.38763726
-11.002198,-0.46899325,-0.17467605
-11.533405,-0.17706887,0.2009971
-11.976077,-0.0071784677,0.67477596
-11.966506,0.25603202,1.1509477
-11.598011,0.10767702,1.3710874
-11.389835,-0.17706887,1.416551
-11.131411,0.2105684,1.160519
-10.724631,0.47377887,0.7848458
-10.279566,0.59342,0.76331043
-9.882358,0.32063824,0.66759753
-9.623933,0.12203395,0.40438703
-9.090333,0.42592242,0.15314065
-8.99462,0.70348984,-0.15553348
-9.365508,1.012164,-0.33020952
-9.736395,1.3016955,-0.07178468
-9.827323,1.5122639,0.28713873
-9.887143,1.7012969,0.5192425
-10.234102,2.1128623,0.53359944
-10.155139,1.7036897,1.2849457
-10.602597,0.78723866,2.254039
-10.167104,-0.41635114,3.6610186
-9.939785,-1.6342978,4.570291
-10.597812,-1.9645073,4.328616
-10.858629,-3.117848,3.141776
-11.045269,-4.8382874,2.6751757
-10.219746,-6.013163,2.536392
-9.099904,-6.0083776,1.8951155
-8.226524,-4.831109,1.7467605
-7.759924,-4.1443686,2.0602202
-7.240681,-3.5318062,2.778067
-7.0899334,-2.4335005,3.0532417
-6.2691956,-1.6917256,3.3260236
-6.2141604,-0.5096712,3.8739798
-7.1282187,-0.58624154,3.9601214
-8.2049885,-1.1964114,3.347559
-8.56152,-2.0817556,3.0364919
-8.504091,-2.184647,3.0580273
-8.903693,-3.1537402,3.2231321
-8.851051,-3.926622,3.3427732
-9.274581,-4.1850467,2.981457
-9.425328,-4.194618,2.8833513
-10.124033,-3.8572302,2.9096723
-10.959127,-2.8905299,2.7349963
-10.753345,-2.3234308,2.457429
-10.18146,-2.8187451,2.9096723
-10.4566345,-2.9790642,3.0149565
-10.34178,-2.4215364,2.4909284
-10.004392,-1.7156538,2.3545375
-9.305687,-0.6963114,2.2875385
-9.434899,0.124426775,1.6414764
-9.753145,0.79920274,0.56470615
-9.52822,0.89491564,-0.1363909
-9.0544405,0.4235296,-0.17228323
-8.432307,-0.526421,0.39481574
-9.042477,-1.442872,0.5599205
-9.509077,-1.5672989,0.023928227
-8.956335,-0.43788654,0.3397808
-8.530413,-0.41874397,0.9403793
-9.54497,-1.105484,1.6510476
-10.760524,-1.3232309,1.5864414
-11.320444,-1.0624132,2.105684
-12.026326,-1.5026926,2.2348964
-12.064611,-2.629712,2.5555346
-11.703296,-4.6899323,3.1561332
-11.985648,-5.4341,3.5413775
-12.528819,-4.8382874,3.4911282
-11.856436,-3.4217365,3.897908
-10.920842,-2.6512475,4.4075794
-10.12164,-1.8544376,5.056034
-9.322437,-1.4285151,5.2642097
-8.645268,-0.81834537,4.328616
-7.54457,0.078963146,2.8115666
-6.0370917,0.28235307,1.7706888
-5.2905307,-0.10049855,1.5720844
-4.6372905,-0.930808,0.9762716
-3.792624,-2.1511476,-0.19621146
-2.9240294,-4.130012,-1.969293
-2.8235307,-5.508278,-2.4526432
-2.5866413,-5.113462,-2.2971098
-3.2159536,-3.5533416,-1.875973
-4.0534415,-2.347359,-1.268196
-5.395815,-2.8402805,-0.038285162
-7.082755,-4.692325,-0.29910284
-8.748159,-3.9433718,-0.2536392
-12.58864,-2.4598217,-0.3493521
-17.57289,-1.5984055,2.0673988
-17.984455,-2.5794628,4.237689
-17.58964,-2.5794628,3.6179478
-22.18625,-1.457229,3.034099
-29.173294,1.7898313,3.3164523
-33.28177,6.0346985,1.9764715
-34.301113,11.124232,1.3806586
-31.496725,15.900307,4.316652
-36.203407,22.255644,4.601398
-39.201614,34.286755,-2.902494
-37.710884,43.838905,-12.136396
-40.400417,26.22773,-18.738194
-26.715864,20.085354,-24.212973
-24.536003,8.740981,-22.004396
-23.191236,12.433106,-23.609982
-1.8544376,-8.863015,-8.784052
78.207016,-78.39844,78.39844
51.342796,13.880764,-24.521646
78.207016,51.402615,12.569497
-11.339586,65.0752,-24.610182
30.90809,-30.151958,2.012364
41.915073,24.97389,6.463014
29.886354,22.234108,11.861222
26.35455,-3.35713,21.611975
26.206194,-24.969105,22.358534
6.343373,-28.912476,20.731415
-14.05544,-32.920452,21.97329
-26.586653,-19.874784,24.409184
-36.483368,-2.5172493,15.826129
-47.784668,24.839891,11.440085
-36.155552,17.592031,16.417156
-20.164316,11.894721,10.636097
-8.142776,3.4025939,2.8354948
1.5720844,2.1631117,-3.6083765
-0.8781659,4.115655,-7.0229344
-1.6821543,7.3340015,-4.4339004
-4.063013,4.87418,-4.132405
-3.900301,2.9982069,-3.4911282
-3.385844,1.8831514,-3.251846
-6.1806607,3.0843484,-3.0532417
-12.01197,-3.2446675,-2.5316064
-14.455042,-1.9118652,1.3782659
-14.160725,-2.672783,4.0151563
-15.376278,-3.6083765,7.436893
-15.907485,-4.831109,7.692925
-16.457834,-5.6350975,5.355137
-14.883357,-4.0797625,5.1014977
-12.734602,-3.6873398,6.206982
-11.397015,-4.3094735,6.4414787
-9.724431,-4.386044,4.8789654
-8.683554,-4.007978,3.1513474
-8.403593,-2.4430718,1.7419748
-9.29133,-4.213761,1.5816557
-11.373086,-4.2592244,1.875973
-12.045469,-3.926622,0.94277215
-10.317851,-3.010171,0.5024927
-8.611769,-2.7756743,1.4213367
-8.642876,-2.6679974,1.7180467
-9.267402,-1.6630118,0.9284152
-8.863015,-0.9906286,0.9020941
-8.003992,-1.0983056,0.0
-7.3100734,-0.8135597,0.5599205
-6.936793,-1.2323036,1.3998013
-6.7118673,-1.8161523,1.3734802
-7.4536424,-2.7397819,1.1078769
-7.628319,-2.4622145,0.13399807
-7.355537,-2.9072795,0.48095736
-7.5613194,-3.7184465,1.5290136
-7.2119675,-4.048656,1.5074782
-7.420143,-3.574877,0.9667004
-7.6067834,-2.9910283,0.8279166
-7.099505,-2.0147567,0.6963114
-6.9559355,-2.1391835,1.2011969
-6.876972,-2.4263222,1.1892328
-6.283552,-2.5842485,0.8327023
-6.216553,-3.938586,1.7611175
-7.9920278,-4.4913282,1.7108682
-9.523434,-3.3427732,1.1174482
-9.286545,-2.684747,1.0815558
-11.96172,-4.5726843,0.23928227
-16.630117,-6.8721867,-0.16031912
-17.42932,-5.8767724,2.605784
-22.090538,-2.3784657,2.8881369
-33.032917,4.7162533,1.98365
-43.85326,10.315458,2.8235307
-48.550373,20.626131,13.146168
-54.55875,29.151758,9.741181
-53.21159,36.600616,-6.489335
-62.991055,29.671001,-18.058632
-54.376896,7.274181,-27.567709
-40.42674,-4.019942,-33.99244
-21.865614,-11.222338,-29.503504
78.207016,-17.807386,-20.913269
78.207016,-71.97132,34.538002
78.207016,-19.214365,-6.984649
21.724438,78.2453,-66.08258
15.438492,-27.986454,9.58804
24.265614,32.58546,-14.411971
32.717064,26.055447,-0.0023928226
33.49473,-5.426922,10.461421
33.138203,-12.997812,20.492132
19.202402,-21.389442,18.89612
3.8237305,-34.676785,15.706488
-11.131411,-46.13123,8.437093
-24.509682,-30.50131,13.033705
-41.49394,-18.139988,6.4845495
-46.157547,-7.4775705,3.397808
-38.5723,-0.82313097,11.60519
-24.49054,3.885944,8.985049
-13.768302,8.463413,1.4739788
-7.068398,16.357336,-0.8446664
-7.1377897,11.13859,0.23928227
-5.4173503,1.820938,1.8376877
-2.5579274,-0.014356935,0.8662018
-2.091327,-2.2229323,-4.587041
-2.4382863,-1.3543376,-3.4360933
-6.04427,-1.0193424,-2.7589245
-7.8699937,-2.8833513,-1.5457634
-9.375079,-3.141776,0.49292147
-11.064412,-2.3449662,0.72023964
-11.760723,-1.4739788,1.6390835
-13.63191,-1.0695918,2.8594232
-14.31865,-1.0097711,3.414558
-13.837693,-1.0935199,3.0819557
-12.504891,-2.981457,3.0939198
-10.9352,-4.3932223,4.048656
-10.260424,-3.8620157,4.9770713
-8.597412,-3.6921253,5.761917
-7.298109,-3.9457645,3.7686956
-8.1738825,-3.6251264,2.469393
-10.188639,-4.2927237,1.6845472
-13.000205,-5.1876397,1.0959128
-10.999805,-4.5296135,1.3495519
-9.540184,-3.5844483,1.0935199
-8.10449,-2.0434706,0.8877372
-7.8173513,-1.4261223,1.3304094
-8.147561,-1.2059826,1.6965113
-8.729017,-1.538585,1.3926228
-8.386844,-1.253839,1.605584
-7.989635,-0.5694918,1.7730815
-8.599805,-0.7800602,1.9166509
-9.556933,-1.1318051,1.9094725
-9.712467,-1.3543376,2.1870399
-9.128618,-1.8376877,2.3712873
-8.836694,-1.6414764,2.0578275
-8.695518,-1.8137596,1.9740787
-8.193025,-2.1104696,1.9334008
-7.7407813,-3.0436704,1.0719845
-7.372287,-2.9048867,0.5240282
-7.1042905,-3.103491,0.20817557
-6.728617,-2.9910283,0.2727818
-5.8241305,-3.4241292,0.58624154
-4.644469,-3.8668015,0.5694918
-4.4434714,-2.7062824,0.43788654
-5.3623157,-2.8091738,-0.02632105
-6.606583,-3.2135608,-0.17706887
-7.597212,-3.7663028,0.79441714
-11.514262,-6.2955165,-1.2035898
-15.747166,-8.322237,-4.3740797
-14.512469,-8.762517,0.30149564
-15.644275,-6.8865438,6.7501526
-23.882763,-3.278167,6.7166533
-34.133614,2.3114667,6.5898337
-52.402817,15.058033,8.181061
-58.21498,33.114273,9.253045
-55.68577,42.13043,-0.41156548
-53.740402,34.301113,-12.803994
-57.95177,14.364115,-24.729822
-44.36054,15.096318,-40.94598
-21.958933,13.232309,-55.3077
-5.35753,-14.627325,-23.294128
54.960743,-78.39844,31.649864
74.02676,-78.39844,-4.668397
78.207016,37.84249,1.2203395
-3.9816568,77.80981,-7.259824
27.309284,-62.701523,6.8099732
42.001217,25.103102,4.6612186
39.493538,15.74238,14.754145
30.922447,-12.023933,22.20061
26.108088,-23.468805,24.055046
10.090533,-18.118454,15.103497
-8.63809,-23.32045,9.3200445
-31.960932,-22.638494,3.3547373
-46.724648,-11.169696,0.91884387
-49.63671,4.254439,-0.21535404
-46.6744,15.969698,8.781659
-24.413969,8.549556,15.917056
-11.207981,9.188439,4.7449675
-4.35733,12.270394,-1.6079768
-3.306881,7.066005,-1.8089739
-2.510071,5.45085,-1.3495519
-3.5557344,5.8887367,-3.790231
-5.9342003,4.9340005,-6.005985
-7.446464,-0.49292147,-3.8931224
-8.030313,-0.72263247,-2.4741786
-9.533006,-0.021535404,-2.184647
-12.413964,-0.49292147,-1.9070797
-13.469198,-0.42592242,-1.146162
-14.902499,-2.2229323,-1.1772687
-15.326029,-4.1036906,-1.2801601
-14.512469,-4.6301117,-0.20338993
-14.744574,-7.475178,-1.2586247
-13.004992,-6.9391856,0.7513463
-11.478371,-4.735396,3.5294135
-9.537791,-5.8672013,5.4819565
-8.391629,-5.4436717,5.2833524
-7.5326056,-5.1661043,3.845266
-7.1042905,-4.9459643,3.6993039
-7.420143,-5.0919266,4.4195433
-7.489535,-5.1469617,3.2159536
-7.6737823,-3.8261235,2.1678972
-7.422536,-3.818945,0.6221339
-6.7836523,-3.3882368,1.7084754
-6.6831536,-3.4624143,1.875973
-6.4558353,-3.3379877,1.0097711
-6.7166533,-3.2997024,0.4426722
-7.1856465,-3.6131623,0.11964113
-7.2550383,-3.7878382,-0.22013968
-6.7501526,-3.4432719,-0.11485548
-6.3290157,-3.3619158,-0.22013968
-6.1495543,-3.885944,-0.009571291
-5.8887367,-3.735196,0.30867413
-5.881558,-3.6849468,-0.1052842
-6.2979093,-3.1680973,-0.37328035
-6.407979,-2.8905299,-0.40438703
-6.6017976,-4.074977,-0.4354937
-7.4392858,-4.6971107,0.27996024
-8.800801,-4.4745784,-0.10289137
-12.131611,-3.438486,-1.1796615
-13.607983,-2.7326035,0.62452674
-17.273787,-5.156533,3.2159536
-22.597816,-6.9822564,3.4193435
-24.842285,-3.7974095,3.4049866
-31.03491,2.2995026,3.022135
-46.832325,9.413364,9.509077
-47.832523,19.408184,22.648066
-50.309097,33.169308,12.949956
-54.116077,41.828934,-2.4861426
-63.684975,31.267014,-21.109482
-54.82196,13.373486,-32.666813
-41.407795,-3.9146578,-31.846077
-17.046469,2.457429,-29.383862
78.207016,-78.39844,-78.2453
1.1150553,-19.55654,-19.010977
78.207016,13.811373,45.035316
8.228917,61.38547,-22.459034
25.875984,-18.719051,-5.139783
37.237106,20.123638,9.377472
34.12644,45.72684,5.6997037
19.044476,13.433307,6.5276203
39.52225,-27.105894,10.217353
29.03451,-28.843084,5.7834525
11.497513,-44.1404,2.3641088
-7.233503,-48.823154,-0.40677986
-21.399014,-34.466217,-4.735396
-42.372105,-23.258236,-11.23191
-47.45446,-7.8604226,-8.853444
-40.68995,1.8376877,0.7106683
-22.147966,0.86859465,16.357336
-11.100305,10.865808,1.5050855
-3.696911,27.909883,-2.4765713
-7.826923,19.367506,-0.81595254
-4.5391846,11.464013,0.7704889
-4.9986067,11.736795,-3.0963125
-6.838687,9.690931,-4.3357944
-10.561919,3.4337006,-2.9766715
-12.157932,-1.6127625,-1.8807586
-11.315659,-2.5435705,-1.0863415
-13.031312,-5.7020965,-2.940779
-11.564512,-8.623733,0.3804588
-13.083954,-5.8073807,2.804388
-13.048062,-0.86141616,3.034099
-14.591433,-1.5074782,3.3355947
-14.227723,-2.4885356,3.67059
-13.435699,-2.239682,3.900301
-11.66501,-3.505485,4.2759743
-9.339187,-4.4339004,3.735196
-7.7144604,-4.156333,4.4721856
-7.628319,-2.9790642,3.737589
-8.52802,-2.2372892,2.2205393
-8.659625,-2.321038,1.416551
-8.664411,-2.469393,1.2394822
-8.662018,-2.2779672,0.70588267
-8.992228,-2.7613173,0.11724831
-8.602198,-2.8881369,0.58624154
-7.487142,-2.589034,0.1268196
-7.1425757,-2.6703901,0.47138608
-7.9034934,-3.2638102,1.3136597
-8.346166,-3.749553,1.9764715
-8.384451,-3.8907297,1.6175481
-9.035298,-3.8117664,0.8757731
-8.185846,-3.9457645,0.997807
-7.350751,-3.830909,1.579263
-6.903293,-3.6203406,1.3974084
-6.15434,-3.818945,0.43788654
-5.6733823,-4.6755753,-0.45702913
-5.881558,-4.1587257,-0.52163535
-5.986842,-4.2711883,-0.526421
-6.0107703,-3.9146578,-0.53359944
-5.977271,-3.682554,-0.54317075
-7.7647095,-5.4412785,-2.2348964
-9.664611,-8.279166,-2.091327
-12.131611,-10.025927,1.7084754
-13.031312,-6.9391856,2.696711
-16.35255,-2.0985055,2.845066
-25.351955,1.7060826,3.0197423
-37.54578,6.9726853,4.182654
-49.65107,20.8367,12.507284
-60.177097,37.97888,19.501505
-61.2419,49.63671,-1.1389836
-64.634926,43.783867,-24.691536
-67.56853,17.603996,-43.188057
-55.470413,1.9740787,-52.240105
-34.93521,-7.975278,-39.634716
78.207016,31.659437,26.136803
78.207016,-61.26583,59.50232
78.21658,10.703095,-24.028725
78.207016,78.2453,-42.932022
-9.286545,23.12663,-44.25286
58.30591,-78.39844,13.6199465
46.265224,31.692936,-1.3184453
28.62773,43.539803,19.532612
24.519253,-5.7523456,15.656239
26.780472,-27.141787,12.29193
18.185452,-40.508095,13.028919
3.9625144,-43.77669,12.268002
-11.693725,-36.959538,9.803394
-28.699514,-24.136402,3.8500516
-36.33262,-16.960327,-0.715454
-38.888153,4.7952166,5.601598
-35.31806,16.902899,15.026926
-16.60619,11.112268,9.037691
-7.1042905,16.510477,-2.8091738
-1.7946169,16.122839,-6.1160545
-3.455236,9.317652,-6.0777693
-5.2666025,4.290331,-7.0061846
-6.9535427,5.9413786,-6.9320073
-10.162318,4.855037,-5.4556355
-10.497313,2.6608188,-2.065006
-9.425328,2.2564318,-0.89730847
-11.179267,2.5579274,-2.78046
-13.450056,-0.81595254,-2.2468605
-14.536398,-3.5365918,-0.038285162
-13.01217,-4.5152564,1.5984055
-10.8969145,-5.2402816,3.35713
-10.212567,-3.5006995,4.733003
-10.006784,-3.0532417,4.5391846
-10.380065,-3.103491,4.369294
-10.827522,-3.4408789,3.711268
-10.566705,-5.0775695,3.2015967
-10.035499,-6.7381887,2.4239295
-9.95175,-4.658826,2.4382863
-9.066405,-2.969493,2.2325034
-9.932607,-3.7543387,2.510071
-11.294123,-3.5724843,2.3832514
-11.169696,-4.1180477,1.7826529
-10.226924,-4.76411,2.0219352
-8.85823,-3.95055,2.3688943
-7.5637126,-4.7545385,2.0003998
-7.2957163,-4.989035,2.2325034
-7.647461,-5.2737813,1.1126626
-7.0636125,-4.996214,0.60777694
-6.422336,-4.759324,0.16031912
-5.797809,-3.6753755,-0.36131623
-5.3144593,-2.2372892,-0.62452674
-5.3144593,-1.8520447,-0.86859465
-5.7786665,-1.7994026,-0.79441714
-6.314659,-1.6031911,-0.7920243
-5.9294147,-1.5744773,-0.078963146
-5.206782,-1.8927227,0.70348984
-5.864808,-1.2107682,0.6221339
-7.01097,-0.6580262,-0.0741775
-7.4010005,-3.1848469,0.4235296
-8.219346,-5.8241305,1.6941184
-10.535598,-6.2811594,1.6965113
-14.756537,-4.9435716,1.0767702
-21.257837,-0.7513463,2.3234308
-29.340792,2.5962126,5.5274205
-38.737408,8.877372,9.580862
-57.226746,25.036104,14.732609
-57.61199,40.264027,8.4705925
-56.78168,46.942394,-10.884951
-62.368923,28.476982,-20.848663
-61.65347,4.5822554,-35.3061
-43.04927,10.810773,-46.21737
-22.92324,-2.2372892,-32.226536
78.207016,-78.39844,-65.50831
67.87481,-36.193836,68.93722
78.207016,22.65046,3.0149565
54.11129,67.34121,-5.73081
-1.5433706,8.650054,-19.4369
47.39703,-25.586452,19.831715
45.097527,21.355942,-3.2542388
30.18785,33.36552,14.744574
29.89114,-3.010171,19.736002
24.844677,-17.345572,20.98984
14.153546,-23.10988,14.443077
3.3690944,-29.063223,12.976277
-13.339986,-23.97369,15.141782
-30.496525,-13.667803,10.243673
-35.542988,0.28235307,0.55752766
-31.922647,3.5988052,7.1066833
-29.225935,-1.3854443,24.354149
-14.543576,7.470392,16.084555
-7.881958,28.409983,0.46181476
-8.336594,21.107088,0.3900301
-7.941778,7.5924263,0.6125626
-4.6037908,5.804988,-3.7280176
-5.6374903,3.1537402,-4.965107
-5.73081,1.672583,-3.6729827
-6.4414787,-1.5266209,-2.2707887
-9.645468,-3.251846,0.28953153
-13.581661,-4.7569313,0.66041905
-13.483556,-3.2087753,0.37328035
-11.279766,-0.79920274,1.5481563
-12.27518,-3.5605202,5.0847483
-12.818351,-7.348358,5.0344987
-12.540784,-8.066205,4.5248275
-10.786844,-6.317052,4.790431
-8.812766,-4.8287163,4.476971
-7.8317084,-5.986842,4.2329035
-8.123632,-6.6352973,3.8763726
-8.681161,-7.21436,4.0007997
-8.477771,-7.2287173,4.642076
-7.539784,-5.0512486,5.3718867
-6.8865438,-3.5509489,4.2975097
-5.45085,-1.1916257,3.0029924
-5.206782,-3.2063823,3.7256248
-5.9844494,-4.615755,4.6971107
-6.8913293,-4.6037908,5.601598
-6.9320073,-6.2787666,6.867401
-5.4819565,-4.8454657,6.2931237
-4.4889355,-4.912465,5.8935223
-4.962714,-5.089534,6.5443697
-5.706882,-5.7523456,9.561719
-5.3144593,-5.259424,9.95175
-3.359523,-3.751946,9.109476
-2.132005,-3.591627,9.0544405
-1.820938,-4.24726,10.147961
-2.2468605,-3.6993039,10.573883
-2.5387847,-2.2205393,10.021141
-2.5842485,-0.35174492,9.937392
-1.8424734,0.7728817,9.889536
-0.971486,-0.43788654,10.212567
-0.9954142,-0.021535404,10.557134
-0.70588267,0.32542387,10.588241
-0.6149554,-0.1698904,10.195817
-0.31106696,-0.86859465,9.765109
-0.18185452,-1.875973,9.583255
0.047856454,-1.308874,9.810573
-0.28235307,0.09332009,9.930214
-0.27517462,1.282553,10.066605
-0.25124636,1.9860427,10.51167
-0.3684947,1.5936198,10.466207
-0.1794617,1.9812572,10.205389
0.09810573,1.6701902,9.865608
-0.1268196,1.0911272,10.191031
-0.078963146,0.77766734,10.427921
0.5766702,0.32542387,9.803394
0.5024927,0.34456646,8.925228
0.62931234,-0.3469593,9.911072
-0.94755775,-0.6771688,9.614362
-0.67477596,-0.05742774,9.305687
-0.33020952,-0.33260235,9.245867
-0.8997013,1.457229,9.312865
-0.19621146,2.3832514,9.798609
-0.40677986,4.558327,8.300702
0.2943172,3.2709885,8.537591
-0.3493521,1.6845472,8.987442
-1.0695918,3.400201,9.221938
-0.65324056,4.2687955,8.980264
-0.38763726,4.3669014,8.784052
-0.30149564,5.4628143,8.298309
-0.2632105,5.3886366,8.142776
-0.06699903,3.8069808,8.719446
0.06460621,3.5270207,9.377472
0.3278167,3.0293136,9.276974
0.016749758,2.9599216,9.133404
-0.23928227,3.2446675,9.985249
-0.1794617,3.7136607,10.234102
0.15553348,4.723432,9.322437
-0.13160525,3.318845,9.389436
0.0047856453,0.8925229,9.3104725
-0.34456646,-0.5455636,9.499506
-0.4642076,-1.3328022,9.853643
-0.8446664,-1.5146568,10.01157
-0.91884387,-0.5024927,9.8727865
-0.85902333,0.021535404,9.9756775
-0.9284152,0.526421,10.4351
-1.0983056,0.8255238,10.727024
-1.026521,0.97866446,10.616954
-0.8422736,0.7848458,10.135997
-1.0767702,0.6125626,10.19821
-1.1916257,0.17706887,10.037891
-1.3280165,0.22013968,10.468599
-1.5409778,1.0743774,10.3441725
-1.3974084,1.3136597,9.899107
-1.4117653,1.0839486,9.707682
-1.6606189,0.45224348,9.51147
-1.2897314,0.4354937,9.54497
-2.5052853,0.7537391,9.427721
-1.9908284,1.3639089,8.997013
-1.9812572,1.3974084,8.977871
-2.120041,1.3160524,9.025727
-1.847259,1.6438692,9.150154
-1.7108682,1.672583,9.133404
-1.5529419,1.4117653,9.083155
-1.7347964,1.1509477,9.647861
-1.8329022,1.7922242,9.820144
-1.6199409,2.1367905,9.403793
-1.4596218,2.0817556,9.260223
-1.579263,2.036292,9.521041
-1.8927227,1.3974084,9.762716
-1.6701902,1.9357935,9.332008
-1.6462619,3.0460632,9.255438
-2.050649,3.2303107,8.944371
-1.9118652,3.35713,8.88455
-2.0865414,3.546163,8.932407
-2.103291,3.4695928,9.24826
-1.9142581,2.5459633,9.568898
-2.2372892,2.0697916,9.619147
-2.0338993,2.5842485,9.305687
-2.3856442,2.8354948,8.690732
-1.8687944,1.847259,10.042677
-1.8544376,2.751746,9.829716
-1.6821543,3.6323047,8.793623
-1.5553347,3.7758741,8.836694
-2.0673988,3.7615173,9.559326
-2.0961127,4.0295134,9.839287
-2.2660031,3.1345978,9.664611
-2.2277179,3.2183464,9.54497
-2.428715,2.7421749,9.367901
-2.5220351,1.7706888,9.312865
-2.5004997,1.4811572,9.075976
-2.3712873,1.0719845,9.042477
-2.2899313,1.0241281,9.1669035
-2.3377876,1.4333007,9.042477
-2.3377876,1.4333007,9.305687
-2.1631117,1.8281165,8.932407
-2.024328,2.3138595,8.91805
-2.1224337,2.7565317,8.987442
-2.1224337,2.7565317,9.236296
-2.0721843,3.2709885,9.2075815
-2.0291135,3.723232,9.456435
-2.0291135,3.723232,9.678967
-2.0315065,3.694518,9.564112
-1.9716859,4.125226,10.061819
-1.7826529,2.6895328,9.355937
-1.7826529,2.6895328,9.552148
-1.6654046,2.1343977,8.980264
-1.5266209,1.6965113,9.049655
-1.4404793,1.5720844,8.992228
-1.4644074,1.3926228,8.95155
-1.3304094,1.375873,8.915657
-1.4117653,1.9860427,8.95155
-1.5529419,2.3641088,8.949157
-1.5625132,2.9072795,9.008977
-1.5481563,3.400201,9.085547
-1.5481563,3.400201,9.274581
-1.5768701,3.495914,9.205189
-1.4644074,3.3906298,9.099904
-1.4811572,3.1896327,9.116654
-1.5146568,2.8785655,9.004191
-1.5146568,2.8785655,9.174082
-1.4333007,2.737389,8.977871
-1.4356936,2.3904297,8.927621
-1.4907285,2.184647,9.030513
-1.4907285,2.184647,9.195618
-1.6319051,2.0673988,9.2075815
-1.6271194,2.143969,9.367901
-1.6151553,2.1248264,9.396614
-1.550549,2.3138595,9.348758
-1.5720844,2.6632116,9.286545
-1.5720844,2.6632116,9.468399
-1.5696917,2.861816,9.312865
-1.538585,3.1369905,9.32483
-1.5002998,3.1752756,9.365508
-1.3471591,3.1609187,9.255438
-1.3423735,3.0795627,9.334401
-1.3974084,2.8761728,9.262616
-1.4524434,2.8354948,9.396614
-1.5146568,2.7230322,9.473185
-1.5601203,2.5124638,9.595219
-1.4596218,2.5268207,9.573684
-1.4739788,2.7110682,9.60479
-1.4404793,2.9647074,9.346365
-1.4404793,2.9647074,9.513863
-1.5337993,3.0795627,9.47797
-1.6582261,3.196811,9.662218
-1.6677973,3.2709885,9.74836
-1.8329022,3.1513474,9.762716
-1.8807586,3.034099,9.650253
-1.7970098,2.900101,9.537791
-1.7970098,2.900101,9.736395
-1.6654046,2.8522446,9.4229355
-1.6654046,2.8522446,9.616755
-1.5625132,2.8881369,9.339187
-1.5361922,2.6081767,9.468399
-1.7036897,2.4741786,9.664611
-1.7682959,2.2731814,9.77468
-1.6175481,2.37368,9.705289
-1.4883357,2.6799614,9.724431
-1.5433706,2.8713872,9.676575
-1.375873,2.885744,9.580862
-1.6366907,3.0652058,9.580862
-1.6247265,3.103491,9.573684
-1.6390835,3.1130621,9.41815
-1.6390835,3.1130621,9.600004
-1.8424734,3.1082766,9.377472
-1.8017955,3.0963125,9.387043
-1.8544376,2.9742785,9.372686
-1.8257236,2.8522446,9.3200445
-1.8329022,2.7589245,9.327223
-1.875973,2.8546374,9.346365
-1.7730815,2.9766715,9.3200445
-1.7443677,3.0532417,9.262616
-1.7826529,2.8666015,9.24826
-1.8400806,2.8474588,9.293723
-1.8400806,2.8474588,9.497113
-1.9884356,2.6416762,9.243474
-2.024328,2.5842485,9.298509
-1.8951155,2.4215364,9.157332
-1.9286151,2.5004997,9.068798
-1.9286151,2.5004997,9.296116
-2.0171494,2.684747,9.052048
-1.9860427,2.7852457,8.908479
-1.9908284,2.9910283,8.8701935
-2.0386848,2.9312077,8.946764
-1.9788643,2.993421,8.944371
-1.9788643,2.993421,9.157332
-2.0434706,3.010171,8.987442
-2.0434706,3.010171,9.21476
-1.9716859,2.9623144,8.973084
-1.9716859,2.9623144,9.202796
-1.8640088,2.9240294,9.032906
-1.8640088,2.9240294,9.243474
-1.8927227,2.8689942,9.18126
-1.9118652,2.8546374,9.236296
-2.0195422,2.57707,9.269794
-1.847259,2.9599216,9.183653
-1.847259,2.9599216,9.403793
-1.8305093,2.806781,9.119047
-1.847259,2.8307092,9.004191
-1.7395821,2.6536403,9.01137
-1.7395821,2.6536403,9.212367
-1.8017955,2.2851455,8.927621
-2.172683,2.2229323,8.879765
-2.172683,2.2229323,9.126225
-2.0697916,2.2181466,9.162118
-2.213361,2.6368906,8.762517
-2.603391,2.9671001,8.922835
-2.603391,2.9671001,9.209974
-2.548356,4.022335,8.973084
-2.024328,4.1180477,9.162118
-2.3521447,4.1874394,9.193225
-2.4478576,4.182654,9.238688
-2.4335005,3.9696927,9.446864
-2.4526432,3.735196,9.399008
-2.4526432,3.735196,9.693324
-2.1631117,3.7256248,9.236296
-1.8783658,3.5533416,9.075976
-1.8783658,3.5533416,9.276974
-1.7252251,3.5150564,9.202796
-1.3639089,3.6251264,9.341579
-1.3016955,3.0149565,9.487542
-1.4189439,2.5627131,9.439685
-1.038485,2.091327,9.475577
-1.038485,2.091327,9.580862
-1.4955142,2.4047868,9.616755
-2.201397,2.495714,9.671789
-2.6895328,2.4358935,9.789038
-2.5962126,2.1966112,9.994821
-2.5842485,2.359323,9.8321085
-2.672783,2.4239295,9.865608
-2.4047868,3.2805598,9.614362
-2.4047868,3.2805598,9.896714
-2.2181466,4.0941195,8.781659
-1.9597218,3.7854455,8.595019
-1.995614,3.2470603,8.169097
-1.6414764,3.050849,8.042277
-1.6414764,3.050849,8.212168
-1.9740787,2.4598217,8.394022
-1.9740787,2.4598217,8.626125
-2.2899313,2.2947168,8.56152
-2.1559331,1.8233309,8.9108715
-2.1559331,1.8233309,9.150154
-2.2061825,1.7228323,9.073584
-2.2588246,1.8927227,9.145369
-2.2588246,1.8927227,9.413364
-2.0937197,2.1750758,9.212367
-1.9716859,2.4765713,9.119047
-1.9716859,2.4765713,9.334401
-1.8855443,2.8546374,8.9013
-1.7826529,3.2015967,8.769695
-1.6630118,3.4408789,8.647661
-1.5481563,3.603591,8.700303
-1.4739788,3.5198421,8.817552
-1.3854443,3.2685957,8.920443
-1.3328022,2.804388,9.109476
-1.3040884,2.7230322,9.152547
-1.1629118,2.4071796,9.3200445
-1.1030912,2.2612174,9.253045
-1.1126626,2.3832514,9.24826
-1.1126626,2.3832514,9.360723
-1.1030912,2.5339992,9.38465
-1.1030912,2.5339992,9.499506
-1.2059826,2.8546374,9.315259
-1.2873386,3.2614172,9.454042
-1.2251252,3.5892339,9.466006
-1.2299109,3.6753755,9.449257
-1.2299109,3.6753755,9.573684
-1.2753744,3.5724843,9.499506
-1.2490535,3.2829528,9.609575
-1.308874,2.9766715,9.65504
-1.4045869,2.8570302,9.7196455
-1.3639089,2.751746,9.678967
-1.3926228,2.737389,9.521041
-1.4093726,2.8019953,9.38465
-1.4117653,2.9790642,9.332008
-1.4117653,2.9790642,9.468399
-1.2586247,3.3810585,9.193225
-1.2873386,3.1441689,9.171689
-1.2179468,3.385844,9.403793
-1.1676974,3.1537402,9.449257
-1.2083755,2.928815,9.353543
-1.1102697,2.8881369,9.38465
-1.1533405,2.6919255,9.253045
-1.2035898,2.78046,9.140582
-1.2035898,2.78046,9.262616
-1.1796615,2.9599216,9.169296
-1.1916257,3.1848469,9.178867
-1.253839,3.3954153,9.217153
-1.3351951,3.4863427,9.183653
-1.430908,3.3930225,9.260223
-1.3734802,3.2015967,9.317652
-1.4380864,2.861816,9.382257
-1.3854443,2.751746,9.434899
-1.3854443,2.751746,9.58804
-1.3447664,2.7278178,9.260223
-1.2873386,2.617748,9.188439
-1.1270195,2.725425,9.171689
-1.1700903,2.8426733,9.119047
-1.0552348,2.9790642,9.159725
-0.9212367,2.9958138,9.269794
-1.0815558,3.2039895,9.415757
-1.1030912,3.3092737,9.4229355
-1.2179468,3.5270207,9.346365
-1.294517,3.641876,9.353543
-1.294517,3.641876,9.485149
-1.3734802,3.5844483,9.193225
-1.4045869,3.3044882,9.12144
-1.402194,3.1944182,9.08794
-1.3854443,3.0197423,9.1669035
-1.3854443,3.0197423,9.32483
-1.3734802,2.845066,9.097511
-1.3591232,2.9240294,9.119047
-1.3686945,3.089134,9.073584
-1.442872,3.2590244,9.059227
-1.4117653,3.3834512,9.080762
-1.4117653,3.3834512,9.224331
-1.3806586,3.4791641,9.037691
-1.3806586,3.4791641,9.186047
-1.3782659,3.505485,9.025727
-1.3567305,3.4169507,9.004191
-1.3926228,3.495914,9.013762
-1.3160524,3.5820556,8.987442
-1.3160524,3.5820556,9.097511
-1.2083755,3.586841,9.090333
-1.1820544,3.3643086,9.042477
-1.1700903,3.2087753,9.092726
-1.1629118,3.0675986,9.140582
-1.1629118,2.993421,9.12144
-1.2801601,3.048456,9.109476
-1.1916257,3.1250265,9.068798
-1.1820544,3.3212378,9.078369
-1.2251252,3.4695928,9.1669035
-1.3184453,3.4432719,9.193225
-1.2873386,3.3930225,9.190832
-1.3160524,3.4097722,9.257831
-1.2897314,3.2949169,9.293723
-1.2897314,3.2949169,9.430114
-1.1365907,3.1465619,9.255438
-1.0671989,3.0532417,9.2793665
-1.0432707,3.0675986,9.281759
-0.9762716,3.0699914,9.312865
-0.9762716,3.2422748,9.2793665
-1.0600204,3.3714871,9.30808
-1.1892328,3.4217365,9.255438
-1.268196,3.3092737,9.250652
-1.2849457,3.2446675,9.217153
-1.3686945,3.1896327,9.303294
-1.3471591,3.1561332,9.3200445
-1.2203395,3.249453,9.312865
-1.1318051,3.2542388,9.336794
-0.93559366,3.5940197,8.961121
-0.96909314,3.2279177,8.999406
-1.0743774,3.2327034,9.059227
-1.1557333,3.225525,9.114262
-1.1557333,3.225525,9.233903
-1.2705889,3.3355947,9.272188
-1.1772687,3.1441689,9.298509
-1.3854443,3.2757742,9.389436
-1.1988041,3.0317063,9.3511505
-1.1318051,3.1752756,9.355937
-1.1078769,3.1776686,9.276974
-1.1892328,3.3044882,9.276974
-1.0360922,3.4456646,9.21476
-0.8566305,3.65384,9.145369
-0.88295156,3.1130621,8.690732
-0.88295156,3.1130621,8.788837
-0.8255238,3.6203406,8.930014
-0.7752745,3.3786657,8.963513
-0.90448695,3.4480574,9.013762
-0.9068798,3.4528432,8.937193
-1.0025927,3.3786657,8.843872
-1.146162,3.3020952,8.829515
-1.1820544,3.4241292,8.843872
-1.308874,3.5653057,8.800801
-1.308874,3.5653057,8.927621
-1.2801601,3.4360933,8.85823
-1.2777673,3.534199,8.882157
-1.2777673,3.534199,9.02812
-1.2873386,3.3260236,9.032906
-1.2873386,3.3260236,9.162118
-1.2466606,2.845066,8.91805
-1.2035898,2.644069,9.131011
-0.9667004,2.4646072,9.21476
-0.9667004,2.4646072,9.300901
-0.9403793,2.629712,9.365508
-0.849452,2.7637103,9.420543
-0.8446664,3.0843484,9.487542
-0.72502524,3.1609187,9.561719
-0.78723866,3.2398818,9.609575
-0.782453,3.251846,9.68136
-0.8327023,3.1657043,9.698111
-0.8327023,3.1657043,9.779466
-0.9379865,3.0987053,9.736395
-0.91405827,3.0795627,9.724431
-0.91405827,2.9479575,9.765109
-0.8877372,2.926422,9.722038
-0.81834537,2.8259234,9.755538
-0.81834537,2.8259234,9.815358
-0.81595254,2.7349963,9.631111
-0.8350951,2.7589245,9.592826
-0.85184485,2.778067,9.5760765
-0.86141616,2.7684958,9.540184
-0.86141616,2.7684958,9.633504
-0.9236295,2.8354948,9.54497
-0.9451649,2.8570302,9.549755
-0.93320084,2.940779,9.5760765
-1.0073783,2.9359934,9.614362
-1.0073783,2.9359934,9.726824
-0.997807,2.9216363,9.650253
-0.997807,2.9216363,9.760324
-0.9403793,2.8953154,9.614362
-0.8781659,2.7349963,9.506684
-0.930808,2.7062824,9.456435
-0.8446664,2.644069,9.432507
-0.849452,2.7206392,9.4636135
-0.863809,2.804388,9.434899
-0.9092726,2.8354948,9.51147
-0.8997013,2.9958138,9.616755
-0.997807,3.0364919,9.645468
-0.997807,3.0364919,9.745967
-0.9619147,2.940779,9.533006
-0.8255238,2.8354948,9.466006
-0.8207382,2.8905299,9.322437
-0.8279166,2.8809586,9.317652
-0.83748794,2.7206392,9.274581
-0.7968099,2.5172493,9.272188
-0.86141616,2.5004997,9.377472
-0.9164511,2.6344976,9.391829
-0.9164511,2.6344976,9.473185
-0.8350951,2.7972097,9.425328
-0.8350951,2.7972097,9.5353985
-0.86859465,2.9336007,9.468399
-0.9092726,3.0077782,9.509077
-0.87338024,3.117848,9.564112
-0.87338024,3.117848,9.650253
-0.8781659,3.1441689,9.456435
-0.9164511,2.9910283,9.406186
-0.8566305,2.940779,9.348758
-0.78723866,2.6488547,9.226724
-0.76570326,2.388037,9.3511505
-0.78723866,2.2755744,9.322437
-0.8135597,2.4215364,9.437292
-0.83748794,2.3665016,9.533006
-0.8422736,2.4933212,9.485149
-0.83030945,2.6368906,9.542577
-0.91166544,2.7948167,9.595219
-0.91166544,2.7948167,9.674182
-0.89491564,2.806781,9.623933
-0.849452,2.8594232,9.556933
-0.76331043,2.8546374,9.506684
-0.76331043,2.8546374,9.585648
-0.7106683,2.8139594,9.485149
-0.7704889,2.7397819,9.449257
-0.81595254,2.5387847,9.4229355
-0.79920274,2.498107,9.341579
-0.79920274,2.498107,9.4229355
-0.81834537,2.4646072,9.353543
-0.81834537,2.4646072,9.415757
-0.930808,2.565106,9.334401
-0.88295156,2.536392,9.365508
-0.88295156,2.536392,9.468399
-0.96909314,2.629712,9.413364
-0.96909314,2.629712,9.52822
-0.96430755,2.6344976,9.437292
-0.94755775,2.6536403,9.4636135
-0.930808,2.7732813,9.437292
-0.930808,2.7732813,9.523434
-0.8925229,2.8498518,9.394221
-0.8446664,2.9048867,9.293723
-0.8781659,2.9838498,9.332008
-0.92602235,2.952743,9.322437
-0.79920274,2.900101,9.341579
-0.83030945,2.7445676,9.442079
-0.7920243,2.5962126,9.360723
-0.74895346,2.498107,9.399008
-0.74177504,2.4311078,9.360723
-0.7585248,2.4789643,9.365508
-0.7585248,2.4789643,9.439685
-0.7896315,2.536392,9.38465
-0.79441714,2.5555346,9.506684
-0.83748794,2.6919255,9.537791
-0.83748794,2.6919255,9.6071825
-0.77766734,2.696711,9.631111
-0.76331043,2.7756743,9.609575
-0.72023964,2.629712,9.674182
-0.73459655,2.6608188,9.669396
-0.73459655,2.6608188,9.74836
-0.83030945,2.6895328,9.626326
-0.83748794,2.656033,9.592826
-0.8853444,2.6679974,9.590433
-0.971486,2.7349963,9.547362
-0.8781659,2.6536403,9.473185
-0.83988076,2.5866413,9.485149
-0.8662018,2.4047868,9.430114
-0.83988076,2.4311078,9.339187
-0.83030945,2.5435705,9.367901
-0.930808,2.7349963,9.363115
-0.97866446,2.914458,9.458828
-1.1318051,2.9048867,9.449257
-1.1222339,2.9120653,9.45165
-1.105484,2.8666015,9.446864
-1.0432707,2.5818555,9.391829
-0.97866446,2.5459633,9.305687
-0.863809,2.3042881,9.317652
-0.81834537,2.2468605,9.363115
-0.81834537,2.2468605,9.461221
-0.70348984,2.3401806,9.415757
-0.70348984,2.3401806,9.492328
-0.70348984,2.6105695,9.521041
-0.7728817,2.7852457,9.504292
-0.76570326,2.8761728,9.403793
-0.7465607,2.8019953,9.439685
-0.8566305,2.7158537,9.480363
-0.8566305,2.7158537,9.5760765
-0.8997013,2.5172493,9.444471
-0.8111669,2.2971098,9.540184
-0.81595254,2.37368,9.509077
-0.90448695,2.4382863,9.401401
-0.91884387,2.5292134,9.446864
-0.90448695,2.5842485,9.41815
-0.90448695,2.5842485,9.506684
-0.88295156,2.5579274,9.475577
-0.9092726,2.589034,9.501899
-0.997807,2.6153553,9.5665045
-0.99302137,2.6249263,9.547362
-1.0695918,2.6656044,9.542577
-1.0073783,2.7756743,9.643075
-1.0073783,2.7756743,9.74836
-1.0025927,2.7852457,9.52822
-1.0839486,2.5818555,9.470792
-1.0695918,2.6703901,9.41815
-1.0695918,2.6703901,9.533006
-1.0959128,2.7565317,9.456435
-0.715454,2.7062824,8.894122
-1.4404793,2.5794628,10.188639
-0.5240282,2.5172493,8.973084
-0.849452,2.416751,9.68136
-0.849452,2.416751,9.769895
-1.0743774,2.5435705,9.946963
-0.95473623,2.376073,10.279566
-1.0935199,2.3928227,10.207782
-1.0935199,2.3928227,10.317851
-1.2155539,2.5842485,10.004392
-1.2394822,2.861816,10.109675
-1.2586247,3.0005996,10.143175
-1.2921243,3.0053852,10.006784
-1.2011969,3.0580273,9.846465
-1.2011969,3.0580273,9.97807
-1.1102697,2.9359934,9.439685
-1.0097711,2.4646072,9.119047
-1.0217353,2.536392,9.272188
-0.92602235,2.1702902,9.217153
-1.1413764,2.457429,9.23151
